January - March 2017:
MAD: 5.210871777777778
MSE: 45.637895046666664
MAPE: 0.11375561648673535
SMAPE: 13.197538100141964
MD: -0.014795777777777797
mean(y): 45.8076


January - March 2016:
MAD: 5.201850769230768
MSE: 45.86176179120879
MAPE: 0.11785436471164086
SMAPE: 13.573682754101442
MD: 1.0386257142857143
mean(y): 44.137956043956045


to be compared with January - March 2018 competition:
12.58015 * 0.66 + 13.83614 * 0.34 = 13.0071866
